{
    "camera_angle_x": 0.6981317007977318,
    "camera_angle_y": 0.6981317007977318,
    "fl_x": 703.3542193803834,
    "fl_y": 703.3542193803834,
    "k1": 0,
    "k2": 0,
    "p1": 0,
    "p2": 0,
    "cx": 256,
    "cy": 256,
    "w": 512,
    "h": 512,
    "aabb_scale": 1,
    "enable_depth_loading": true,
    "integer_depth_scale": 7.629510948348211e-05,
    "z_near": 2,
    "z_far": 5,
    "frames": [
        {
            "angle": 0,
            "transform_matrix": [
                [
                    1.0,
                    0.0,
                    -8.742277657347586e-08,
                    -3.0597971090173814e-07
                ],
                [
                    -8.742277657347586e-08,
                    0.0,
                    -1.0,
                    -3.5
                ],
                [
                    0.0,
                    1.0,
                    0.0,
                    0.0
                ],
                [
                    0.0,
                    0.0,
                    0.0,
                    1.0
                ]
            ]
        },
        {
            "angle": 1,
            "transform_matrix": [
                [
                    0.9998477101325989,
                    0.0,
                    0.017452456057071686,
                    0.0610835924744606
                ],
                [
                    0.017452456057071686,
                    0.0,
                    -0.9998476505279541,
                    -3.499466896057129
                ],
                [
                    0.0,
                    1.0,
                    0.0,
                    0.0
                ],
                [
                    0.0,
                    0.0,
                    0.0,
                    1.0
                ]
            ]
        },
        {
            "angle": 2,
            "transform_matrix": [
                [
                    0.9993907809257507,
                    0.0,
                    0.034899450838565826,
                    0.12214808911085129
                ],
                [
                    0.034899454563856125,
                    0.0,
                    -0.9993908405303955,
                    -3.4978678226470947
                ],
                [
                    0.0,
                    1.0,
                    0.0,
                    0.0
                ],
                [
                    0.0,
                    0.0,
                    0.0,
                    1.0
                ]
            ]
        },
        {
            "angle": 3,
            "transform_matrix": [
                [
                    0.9986295104026794,
                    0.0,
                    0.05233605578541756,
                    0.183176189661026
                ],
                [
                    0.05233605578541756,
                    0.0,
                    -0.9986295700073242,
                    -3.495203733444214
                ],
                [
                    0.0,
                    1.0,
                    0.0,
                    0.0
                ],
                [
                    0.0,
                    0.0,
                    0.0,
                    1.0
                ]
            ]
        },
        {
            "angle": 4,
            "transform_matrix": [
                [
                    0.9975640177726746,
                    0.0,
                    0.06975647062063217,
                    0.2441476583480835
                ],
                [
                    0.06975647807121277,
                    0.0,
                    -0.9975640773773193,
                    -3.491474151611328
                ],
                [
                    0.0,
                    1.0,
                    0.0,
                    0.0
                ],
                [
                    0.0,
                    0.0,
                    0.0,
                    1.0
                ]
            ]
        },
        {
            "angle": 5,
            "transform_matrix": [
                [
                    0.9961946606636047,
                    0.0,
                    0.08715587854385376,
                    0.30504557490348816
                ],
                [
                    0.08715587854385376,
                    0.0,
                    -0.99619460105896,
                    -3.4866809844970703
                ],
                [
                    0.0,
                    1.0,
                    0.0,
                    0.0
                ],
                [
                    0.0,
                    0.0,
                    0.0,
                    1.0
                ]
            ]
        },
        {
            "angle": 6,
            "transform_matrix": [
                [
                    0.9945219159126282,
                    0.0,
                    0.10452849417924881,
                    0.36584970355033875
                ],
                [
                    0.10452849417924881,
                    0.0,
                    -0.9945218563079834,
                    -3.4808266162872314
                ],
                [
                    0.0,
                    1.0,
                    0.0,
                    0.0
                ],
                [
                    0.0,
                    0.0,
                    0.0,
                    1.0
                ]
            ]
        },
        {
            "angle": 7,
            "transform_matrix": [
                [
                    0.9925461411476135,
                    0.0,
                    0.1218692734837532,
                    0.4265424311161041
                ],
                [
                    0.1218692809343338,
                    0.0,
                    -0.9925461411476135,
                    -3.4739112854003906
                ],
                [
                    0.0,
                    1.0,
                    0.0,
                    0.0
                ],
                [
                    0.0,
                    0.0,
                    0.0,
                    1.0
                ]
            ]
        },
        {
            "angle": 8,
            "transform_matrix": [
                [
                    0.9902679920196533,
                    0.0,
                    0.13917317986488342,
                    0.48710617423057556
                ],
                [
                    0.13917317986488342,
                    0.0,
                    -0.9902680516242981,
                    -3.4659383296966553
                ],
                [
                    0.0,
                    1.0,
                    0.0,
                    0.0
                ],
                [
                    0.0,
                    0.0,
                    0.0,
                    1.0
                ]
            ]
        },
        {
            "angle": 9,
            "transform_matrix": [
                [
                    0.9876883625984192,
                    0.0,
                    0.15643446147441864,
                    0.5475205779075623
                ],
                [
                    0.15643446147441864,
                    0.0,
                    -0.9876883625984192,
                    -3.456909418106079
                ],
                [
                    0.0,
                    1.0,
                    0.0,
                    0.0
                ],
                [
                    0.0,
                    0.0,
                    0.0,
                    1.0
                ]
            ]
        },
        {
            "angle": 10,
            "transform_matrix": [
                [
                    0.9848076105117798,
                    0.0,
                    0.17364826798439026,
                    0.6077689528465271
                ],
                [
                    0.17364826798439026,
                    0.0,
                    -0.9848077297210693,
                    -3.4468271732330322
                ],
                [
                    0.0,
                    1.0,
                    0.0,
                    0.0
                ],
                [
                    0.0,
                    0.0,
                    0.0,
                    1.0
                ]
            ]
        },
        {
            "angle": 11,
            "transform_matrix": [
                [
                    0.9816271662712097,
                    0.0,
                    0.19080901145935059,
                    0.667831540107727
                ],
                [
                    0.19080902636051178,
                    0.0,
                    -0.9816271662712097,
                    -3.435695171356201
                ],
                [
                    0.0,
                    1.0,
                    0.0,
                    0.0
                ],
                [
                    0.0,
                    0.0,
                    0.0,
                    1.0
                ]
            ]
        },
        {
            "angle": 12,
            "transform_matrix": [
                [
                    0.978147566318512,
                    0.0,
                    0.20791159570217133,
                    0.727690577507019
                ],
                [
                    0.20791161060333252,
                    0.0,
                    -0.9781476855278015,
                    -3.4235169887542725
                ],
                [
                    0.0,
                    1.0,
                    0.0,
                    0.0
                ],
                [
                    0.0,
                    0.0,
                    0.0,
                    1.0
                ]
            ]
        },
        {
            "angle": 13,
            "transform_matrix": [
                [
                    0.9743700623512268,
                    0.0,
                    0.2249511182308197,
                    0.7873288989067078
                ],
                [
                    0.2249511331319809,
                    0.0,
                    -0.9743700623512268,
                    -3.410295009613037
                ],
                [
                    0.0,
                    1.0,
                    0.0,
                    0.0
                ],
                [
                    0.0,
                    0.0,
                    0.0,
                    1.0
                ]
            ]
        },
        {
            "angle": 14,
            "transform_matrix": [
                [
                    0.9702956676483154,
                    0.0,
                    0.24192184209823608,
                    0.8467264175415039
                ],
                [
                    0.24192184209823608,
                    0.0,
                    -0.9702956676483154,
                    -3.3960347175598145
                ],
                [
                    0.0,
                    1.0,
                    0.0,
                    0.0
                ],
                [
                    0.0,
                    0.0,
                    0.0,
                    1.0
                ]
            ]
        },
        {
            "angle": 15,
            "transform_matrix": [
                [
                    0.9659257531166077,
                    0.0,
                    0.2588191330432892,
                    0.9058670997619629
                ],
                [
                    0.2588191628456116,
                    0.0,
                    -0.9659258127212524,
                    -3.3807404041290283
                ],
                [
                    0.0,
                    1.0,
                    0.0,
                    0.0
                ],
                [
                    0.0,
                    0.0,
                    0.0,
                    1.0
                ]
            ]
        },
        {
            "angle": 16,
            "transform_matrix": [
                [
                    0.9612616896629333,
                    0.0,
                    0.27563732862472534,
                    0.9647306203842163
                ],
                [
                    0.27563732862472534,
                    0.0,
                    -0.9612616896629333,
                    -3.3644158840179443
                ],
                [
                    0.0,
                    1.0,
                    0.0,
                    0.0
                ],
                [
                    0.0,
                    0.0,
                    0.0,
                    1.0
                ]
            ]
        },
        {
            "angle": 17,
            "transform_matrix": [
                [
                    0.956304669380188,
                    0.0,
                    0.29237183928489685,
                    1.0233014822006226
                ],
                [
                    0.29237186908721924,
                    0.0,
                    -0.9563047885894775,
                    -3.347066640853882
                ],
                [
                    0.0,
                    1.0,
                    0.0,
                    0.0
                ],
                [
                    0.0,
                    0.0,
                    0.0,
                    1.0
                ]
            ]
        },
        {
            "angle": 18,
            "transform_matrix": [
                [
                    0.9510564208030701,
                    0.0,
                    0.30901703238487244,
                    1.081559658050537
                ],
                [
                    0.3090170621871948,
                    0.0,
                    -0.9510565400123596,
                    -3.328697919845581
                ],
                [
                    0.0,
                    1.0,
                    0.0,
                    0.0
                ],
                [
                    0.0,
                    0.0,
                    0.0,
                    1.0
                ]
            ]
        },
        {
            "angle": 19,
            "transform_matrix": [
                [
                    0.9455186128616333,
                    0.0,
                    0.3255680799484253,
                    1.1394882202148438
                ],
                [
                    0.3255681097507477,
                    0.0,
                    -0.9455186128616333,
                    -3.3093152046203613
                ],
                [
                    0.0,
                    1.0,
                    0.0,
                    0.0
                ],
                [
                    0.0,
                    0.0,
                    0.0,
                    1.0
                ]
            ]
        },
        {
            "angle": 20,
            "transform_matrix": [
                [
                    0.9396925568580627,
                    0.0,
                    0.342020183801651,
                    1.197070598602295
                ],
                [
                    0.3420202136039734,
                    0.0,
                    -0.9396926164627075,
                    -3.288924217224121
                ],
                [
                    0.0,
                    1.0,
                    0.0,
                    0.0
                ],
                [
                    0.0,
                    0.0,
                    0.0,
                    1.0
                ]
            ]
        },
        {
            "angle": 21,
            "transform_matrix": [
                [
                    0.9335803985595703,
                    0.0,
                    0.358367919921875,
                    1.2542877197265625
                ],
                [
                    0.3583679497241974,
                    0.0,
                    -0.9335804581642151,
                    -3.267531633377075
                ],
                [
                    0.0,
                    1.0,
                    0.0,
                    0.0
                ],
                [
                    0.0,
                    0.0,
                    0.0,
                    1.0
                ]
            ]
        },
        {
            "angle": 22,
            "transform_matrix": [
                [
                    0.9271838068962097,
                    0.0,
                    0.37460675835609436,
                    1.3111237287521362
                ],
                [
                    0.37460678815841675,
                    0.0,
                    -0.9271838665008545,
                    -3.245143175125122
                ],
                [
                    0.0,
                    1.0,
                    0.0,
                    0.0
                ],
                [
                    0.0,
                    0.0,
                    0.0,
                    1.0
                ]
            ]
        },
        {
            "angle": 23,
            "transform_matrix": [
                [
                    0.9205048084259033,
                    0.0,
                    0.3907311260700226,
                    1.3675590753555298
                ],
                [
                    0.3907311260700226,
                    0.0,
                    -0.9205048084259033,
                    -3.221766948699951
                ],
                [
                    0.0,
                    1.0,
                    0.0,
                    0.0
                ],
                [
                    0.0,
                    0.0,
                    0.0,
                    1.0
                ]
            ]
        },
        {
            "angle": 24,
            "transform_matrix": [
                [
                    0.9135454893112183,
                    0.0,
                    0.4067365825176239,
                    1.4235780239105225
                ],
                [
                    0.4067365825176239,
                    0.0,
                    -0.913545548915863,
                    -3.1974093914031982
                ],
                [
                    0.0,
                    1.0,
                    0.0,
                    0.0
                ],
                [
                    0.0,
                    0.0,
                    0.0,
                    1.0
                ]
            ]
        },
        {
            "angle": 25,
            "transform_matrix": [
                [
                    0.9063077569007874,
                    0.0,
                    0.4226182997226715,
                    1.4791640043258667
                ],
                [
                    0.4226182997226715,
                    0.0,
                    -0.9063077569007874,
                    -3.172077178955078
                ],
                [
                    0.0,
                    1.0,
                    0.0,
                    0.0
                ],
                [
                    0.0,
                    0.0,
                    0.0,
                    1.0
                ]
            ]
        },
        {
            "angle": 26,
            "transform_matrix": [
                [
                    0.8987940549850464,
                    0.0,
                    0.43837109208106995,
                    1.5342988967895508
                ],
                [
                    0.43837109208106995,
                    0.0,
                    -0.8987939953804016,
                    -3.1457791328430176
                ],
                [
                    0.0,
                    1.0,
                    0.0,
                    0.0
                ],
                [
                    0.0,
                    0.0,
                    0.0,
                    1.0
                ]
            ]
        },
        {
            "angle": 27,
            "transform_matrix": [
                [
                    0.8910064101219177,
                    0.0,
                    0.453990638256073,
                    1.588967204093933
                ],
                [
                    0.453990638256073,
                    0.0,
                    -0.8910065293312073,
                    -3.118522882461548
                ],
                [
                    0.0,
                    1.0,
                    0.0,
                    0.0
                ],
                [
                    0.0,
                    0.0,
                    0.0,
                    1.0
                ]
            ]
        },
        {
            "angle": 28,
            "transform_matrix": [
                [
                    0.8829475045204163,
                    0.0,
                    0.46947163343429565,
                    1.643150806427002
                ],
                [
                    0.46947163343429565,
                    0.0,
                    -0.8829476237297058,
                    -3.0903165340423584
                ],
                [
                    0.0,
                    1.0,
                    0.0,
                    0.0
                ],
                [
                    0.0,
                    0.0,
                    0.0,
                    1.0
                ]
            ]
        },
        {
            "angle": 29,
            "transform_matrix": [
                [
                    0.874619722366333,
                    0.0,
                    0.4848094880580902,
                    1.6968332529067993
                ],
                [
                    0.4848094880580902,
                    0.0,
                    -0.874619722366333,
                    -3.061169147491455
                ],
                [
                    0.0,
                    1.0,
                    0.0,
                    0.0
                ],
                [
                    0.0,
                    0.0,
                    0.0,
                    1.0
                ]
            ]
        },
        {
            "angle": 30,
            "transform_matrix": [
                [
                    0.8660253286361694,
                    0.0,
                    0.5,
                    1.75
                ],
                [
                    0.5,
                    0.0,
                    -0.8660253286361694,
                    -3.0310885906219482
                ],
                [
                    0.0,
                    1.0,
                    0.0,
                    0.0
                ],
                [
                    0.0,
                    0.0,
                    0.0,
                    1.0
                ]
            ]
        },
        {
            "angle": 31,
            "transform_matrix": [
                [
                    0.8571673631668091,
                    0.0,
                    0.515038013458252,
                    1.8026329278945923
                ],
                [
                    0.5150380730628967,
                    0.0,
                    -0.8571673035621643,
                    -3.0000853538513184
                ],
                [
                    0.0,
                    1.0,
                    0.0,
                    0.0
                ],
                [
                    0.0,
                    0.0,
                    0.0,
                    1.0
                ]
            ]
        },
        {
            "angle": 32,
            "transform_matrix": [
                [
                    0.8480480313301086,
                    0.0,
                    0.5299192667007446,
                    1.8547173738479614
                ],
                [
                    0.5299192667007446,
                    0.0,
                    -0.8480480313301086,
                    -2.968168258666992
                ],
                [
                    0.0,
                    1.0,
                    0.0,
                    0.0
                ],
                [
                    0.0,
                    0.0,
                    0.0,
                    1.0
                ]
            ]
        },
        {
            "angle": 33,
            "transform_matrix": [
                [
                    0.838670551776886,
                    0.0,
                    0.544638991355896,
                    1.9062364101409912
                ],
                [
                    0.544638991355896,
                    0.0,
                    -0.8386704921722412,
                    -2.935346841812134
                ],
                [
                    0.0,
                    1.0,
                    0.0,
                    0.0
                ],
                [
                    0.0,
                    0.0,
                    0.0,
                    1.0
                ]
            ]
        },
        {
            "angle": 34,
            "transform_matrix": [
                [
                    0.8290374875068665,
                    0.0,
                    0.559192955493927,
                    1.9571752548217773
                ],
                [
                    0.559192955493927,
                    0.0,
                    -0.8290374279022217,
                    -2.9016311168670654
                ],
                [
                    0.0,
                    1.0,
                    0.0,
                    0.0
                ],
                [
                    0.0,
                    0.0,
                    0.0,
                    1.0
                ]
            ]
        },
        {
            "angle": 35,
            "transform_matrix": [
                [
                    0.8191519379615784,
                    0.0,
                    0.5735764503479004,
                    2.0075175762176514
                ],
                [
                    0.5735765099525452,
                    0.0,
                    -0.8191520571708679,
                    -2.867032051086426
                ],
                [
                    0.0,
                    1.0,
                    0.0,
                    0.0
                ],
                [
                    0.0,
                    0.0,
                    0.0,
                    1.0
                ]
            ]
        },
        {
            "angle": 36,
            "transform_matrix": [
                [
                    0.8090170621871948,
                    0.0,
                    0.5877852439880371,
                    2.05724835395813
                ],
                [
                    0.5877852439880371,
                    0.0,
                    -0.80901700258255,
                    -2.831559419631958
                ],
                [
                    0.0,
                    1.0,
                    0.0,
                    0.0
                ],
                [
                    0.0,
                    0.0,
                    0.0,
                    1.0
                ]
            ]
        },
        {
            "angle": 37,
            "transform_matrix": [
                [
                    0.7986354827880859,
                    0.0,
                    0.6018151044845581,
                    2.1063530445098877
                ],
                [
                    0.6018151640892029,
                    0.0,
                    -0.7986355423927307,
                    -2.79522442817688
                ],
                [
                    0.0,
                    1.0,
                    0.0,
                    0.0
                ],
                [
                    0.0,
                    0.0,
                    0.0,
                    1.0
                ]
            ]
        },
        {
            "angle": 38,
            "transform_matrix": [
                [
                    0.7880107760429382,
                    0.0,
                    0.6156614422798157,
                    2.154815196990967
                ],
                [
                    0.6156614422798157,
                    0.0,
                    -0.7880107760429382,
                    -2.758037567138672
                ],
                [
                    0.0,
                    1.0,
                    0.0,
                    0.0
                ],
                [
                    0.0,
                    0.0,
                    0.0,
                    1.0
                ]
            ]
        },
        {
            "angle": 39,
            "transform_matrix": [
                [
                    0.7771458625793457,
                    0.0,
                    0.629320502281189,
                    2.2026216983795166
                ],
                [
                    0.629320502281189,
                    0.0,
                    -0.7771458625793457,
                    -2.72001051902771
                ],
                [
                    0.0,
                    1.0,
                    0.0,
                    0.0
                ],
                [
                    0.0,
                    0.0,
                    0.0,
                    1.0
                ]
            ]
        },
        {
            "angle": 40,
            "transform_matrix": [
                [
                    0.7660444378852844,
                    0.0,
                    0.6427876353263855,
                    2.2497565746307373
                ],
                [
                    0.6427876353263855,
                    0.0,
                    -0.7660444378852844,
                    -2.6811556816101074
                ],
                [
                    0.0,
                    1.0,
                    0.0,
                    0.0
                ],
                [
                    0.0,
                    0.0,
                    0.0,
                    1.0
                ]
            ]
        },
        {
            "angle": 41,
            "transform_matrix": [
                [
                    0.7547096014022827,
                    0.0,
                    0.6560589075088501,
                    2.29620623588562
                ],
                [
                    0.6560589671134949,
                    0.0,
                    -0.7547096014022827,
                    -2.6414835453033447
                ],
                [
                    0.0,
                    1.0,
                    0.0,
                    0.0
                ],
                [
                    0.0,
                    0.0,
                    0.0,
                    1.0
                ]
            ]
        },
        {
            "angle": 42,
            "transform_matrix": [
                [
                    0.7431448101997375,
                    0.0,
                    0.6691306233406067,
                    2.3419570922851562
                ],
                [
                    0.6691306233406067,
                    0.0,
                    -0.7431448101997375,
                    -2.6010067462921143
                ],
                [
                    0.0,
                    1.0,
                    0.0,
                    0.0
                ],
                [
                    0.0,
                    0.0,
                    0.0,
                    1.0
                ]
            ]
        },
        {
            "angle": 43,
            "transform_matrix": [
                [
                    0.7313538193702698,
                    0.0,
                    0.6819982528686523,
                    2.386993885040283
                ],
                [
                    0.6819982528686523,
                    0.0,
                    -0.731353759765625,
                    -2.5597381591796875
                ],
                [
                    0.0,
                    1.0,
                    0.0,
                    0.0
                ],
                [
                    0.0,
                    0.0,
                    0.0,
                    1.0
                ]
            ]
        },
        {
            "angle": 44,
            "transform_matrix": [
                [
                    0.7193397283554077,
                    0.0,
                    0.6946584582328796,
                    2.431304454803467
                ],
                [
                    0.6946584582328796,
                    0.0,
                    -0.7193397283554077,
                    -2.5176892280578613
                ],
                [
                    0.0,
                    1.0,
                    0.0,
                    0.0
                ],
                [
                    0.0,
                    0.0,
                    0.0,
                    1.0
                ]
            ]
        },
        {
            "angle": 45,
            "transform_matrix": [
                [
                    0.7071067690849304,
                    0.0,
                    0.7071067094802856,
                    2.4748735427856445
                ],
                [
                    0.7071067094802856,
                    0.0,
                    -0.7071067690849304,
                    -2.4748737812042236
                ],
                [
                    0.0,
                    1.0,
                    0.0,
                    0.0
                ],
                [
                    0.0,
                    0.0,
                    0.0,
                    1.0
                ]
            ]
        },
        {
            "angle": 46,
            "transform_matrix": [
                [
                    0.6946582794189453,
                    0.0,
                    0.719339907169342,
                    2.5176897048950195
                ],
                [
                    0.719339907169342,
                    0.0,
                    -0.6946582794189453,
                    -2.4313039779663086
                ],
                [
                    0.0,
                    1.0,
                    0.0,
                    0.0
                ],
                [
                    0.0,
                    0.0,
                    0.0,
                    1.0
                ]
            ]
        },
        {
            "angle": 47,
            "transform_matrix": [
                [
                    0.6819983124732971,
                    0.0,
                    0.7313536405563354,
                    2.5597376823425293
                ],
                [
                    0.7313537001609802,
                    0.0,
                    -0.6819983124732971,
                    -2.3869941234588623
                ],
                [
                    0.0,
                    1.0,
                    0.0,
                    0.0
                ],
                [
                    0.0,
                    0.0,
                    0.0,
                    1.0
                ]
            ]
        },
        {
            "angle": 48,
            "transform_matrix": [
                [
                    0.6691306829452515,
                    0.0,
                    0.7431448101997375,
                    2.6010067462921143
                ],
                [
                    0.7431447505950928,
                    0.0,
                    -0.6691306829452515,
                    -2.3419573307037354
                ],
                [
                    0.0,
                    1.0,
                    0.0,
                    0.0
                ],
                [
                    0.0,
                    0.0,
                    0.0,
                    1.0
                ]
            ]
        },
        {
            "angle": 49,
            "transform_matrix": [
                [
                    0.6560589671134949,
                    0.0,
                    0.7547095417976379,
                    2.6414833068847656
                ],
                [
                    0.7547096014022827,
                    0.0,
                    -0.6560589671134949,
                    -2.296206474304199
                ],
                [
                    0.0,
                    1.0,
                    0.0,
                    0.0
                ],
                [
                    0.0,
                    0.0,
                    0.0,
                    1.0
                ]
            ]
        },
        {
            "angle": 50,
            "transform_matrix": [
                [
                    0.6427876353263855,
                    0.0,
                    0.7660444378852844,
                    2.6811556816101074
                ],
                [
                    0.7660444378852844,
                    0.0,
                    -0.6427876353263855,
                    -2.2497565746307373
                ],
                [
                    0.0,
                    1.0,
                    0.0,
                    0.0
                ],
                [
                    0.0,
                    0.0,
                    0.0,
                    1.0
                ]
            ]
        },
        {
            "angle": 51,
            "transform_matrix": [
                [
                    0.6293202638626099,
                    0.0,
                    0.7771459817886353,
                    2.7200112342834473
                ],
                [
                    0.7771459817886353,
                    0.0,
                    -0.6293202638626099,
                    -2.2026212215423584
                ],
                [
                    0.0,
                    1.0,
                    0.0,
                    0.0
                ],
                [
                    0.0,
                    0.0,
                    0.0,
                    1.0
                ]
            ]
        },
        {
            "angle": 52,
            "transform_matrix": [
                [
                    0.6156614422798157,
                    0.0,
                    0.7880107760429382,
                    2.758037567138672
                ],
                [
                    0.7880107760429382,
                    0.0,
                    -0.6156614422798157,
                    -2.154815196990967
                ],
                [
                    0.0,
                    1.0,
                    0.0,
                    0.0
                ],
                [
                    0.0,
                    0.0,
                    0.0,
                    1.0
                ]
            ]
        },
        {
            "angle": 53,
            "transform_matrix": [
                [
                    0.6018151044845581,
                    0.0,
                    0.7986354827880859,
                    2.795224189758301
                ],
                [
                    0.7986354231834412,
                    0.0,
                    -0.6018151044845581,
                    -2.1063530445098877
                ],
                [
                    0.0,
                    1.0,
                    0.0,
                    0.0
                ],
                [
                    0.0,
                    0.0,
                    0.0,
                    1.0
                ]
            ]
        },
        {
            "angle": 54,
            "transform_matrix": [
                [
                    0.5877852439880371,
                    0.0,
                    0.8090170621871948,
                    2.831559658050537
                ],
                [
                    0.80901700258255,
                    0.0,
